Figure: training_history_comprehensive
==================================================
Description: Comprehensive training history showing evolution of MSE, RMSE, MAPE, and PBIAS across epochs for GWO-optimized SLSTM
==================================================

Values used in the figure:
------------------------------
Training_MSE_values: [889055.9, 847941.56, 972070.0, 1398829.1, 759289.1, 926590.94, 971976.6, 784453.06, 701898.56, 836562.44] ... (showing first 10 of 20 values)
Validation_MSE_values: [4436527.0, 6767032.0, 4670415.0, 5787209.5, 6316268.5, 3858580.5, 6411407.0, 5832772.5, 5028266.0, 3623756.0] ... (showing first 10 of 20 values)
Training_RMSE_values: [942.8975951820007, 920.83742457613, 985.9361034063008, 1182.7210681306053, 871.3719785487712, 962.5959367772128, 985.8887487947106, 885.6935488643913, 837.7938663537708, 914.637872329809] ... (showing first 10 of 20 values)
Validation_RMSE_values: [2106.306482922179, 2601.3519561950857, 2161.114295913106, 2405.6619671100925, 2513.2187529142784, 1964.3269839820457, 2532.0756307819875, 2415.113351377115, 2242.3795396854653, 1903.6165580284282] ... (showing first 10 of 20 values)
Training_MAPE_values: [27.324554324150085, 3.8920827209949493, 22.253461182117462, 76.02131366729736, 4.185743257403374, 10.475920885801315, 55.93275427818298, 34.31227207183838, 6.934183835983276, 26.433667540550232] ... (showing first 10 of 20 values)
Validation_MAPE_values: [2.1002549678087234, 2.483697235584259, 2.261951193213463, 2.440594509243965, 2.353883907198906, 2.1776827052235603, 2.373674511909485, 2.2590922191739082, 2.1606624126434326, 2.0001068711280823] ... (showing first 10 of 20 values)
Training_PBIAS_values: [-0.5859725642949343, 0.8845847100019455, -2.7359068393707275, 5.53019754588604, 0.649938965216279, -2.414871007204056, -3.249438852071762, -1.809670403599739, 1.0206561535596848, -2.867746353149414] ... (showing first 10 of 20 values)
Validation_PBIAS_values: [0.7488888222724199, 1.8858835101127625, 0.33161521423608065, 1.6912169754505157, 1.8189677968621254, -0.5900506395846605, 1.8029462546110153, 1.67813990265131, 1.5293015167117119, 0.11328146792948246] ... (showing first 10 of 20 values)
Final_training_MSE: 926461.125
Final_validation_MSE: 4928175.0
Number_of_epochs: 20
Early_stopping_epoch: 20
