Figure: LSTMGWOtraining_history_comprehensive.png
==================================================
Description: Comprehensive training history showing evolution of MSE, RMSE, MAPE, and PBIAS across epochs
==================================================

Values used in the figure:
------------------------------
Training_MSE_values: [1932069.5045572082, 1581831.2080363259, 1616348.4508909455, 1617270.193823415, 1350861.9494851104, 1130228.4082337022, 1030845.4515726854, 957644.8178082462, 870426.164747138, 919738.5202333769] ... (showing first 10 of 26 values)
Validation_MSE_values: [76970576.74121772, 61720448.9554716, 41291706.182337254, 26737073.01225971, 19955697.190199524, 16717534.844881367, 15691873.314720342, 14334584.013113175, 11518561.054932585, 9200721.452467538] ... (showing first 10 of 26 values)
Training_RMSE_values: [1389.9890303729767, 1257.708713508945, 1271.35693292283, 1271.7193848579234, 1162.2658686742507, 1063.1220100410405, 1015.3055951646703, 978.5932851845276, 932.9663256233517, 959.0299892252467] ... (showing first 10 of 26 values)
Validation_RMSE_values: [8773.28768143492, 7856.236309803289, 6425.862290956542, 5170.790366303754, 4467.180004230804, 4088.7082122452034, 3961.2969233219997, 3786.1040679190496, 3393.900566447489, 3033.269103206562] ... (showing first 10 of 26 values)
Training_MAPE_values: [6.804032673511308, 9.243471572266891, 12.705247730040833, 15.018599890292888, 5.678514789386483, 12.382584630419636, 23.50830156532356, 23.918818503118928, 11.59521187581139, 5.68508648876] ... (showing first 10 of 26 values)
Validation_MAPE_values: [6.935826718927336, 5.935111299911579, 5.114276698300124, 4.418471001373013, 3.844680138006483, 3.451296969188759, 3.305847521624847, 3.1724335988459895, 2.9110560997754824, 2.80142013108115] ... (showing first 10 of 26 values)
Training_PBIAS_values: [3.207623271006866, -0.7440374957888367, -2.235098324831661, -2.948914402325179, -1.7945334666533, -0.19232189462147156, 1.3673200832179626, 1.5911356299240325, 0.08506879252852313, -1.6283743767672794] ... (showing first 10 of 26 values)
Validation_PBIAS_values: [8.023943967453947, 6.33295191715922, 4.53801686877561, 3.064947147254135, 2.6488839013811027, 2.6918702341034675, 2.993749208508479, 2.9584520336812647, 2.305877566324401, 1.5428551417582164] ... (showing first 10 of 26 values)
Final_training_MSE: 660709.4155149624
Final_validation_MSE: 6278161.21044793
Number_of_epochs: 26
Early_stopping_epoch: 27
Best_validation_loss: 0.0003167882387060672
