Figure: training_history_comprehensive
==================================================
Description: Comprehensive training history showing evolution of MSE, RMSE, MAPE, and PBIAS across epochs
==================================================

Values used in the figure:
------------------------------
Training_MSE_values: [1271.8545053278924, 855.7105822621635, 831.4166242377153, 812.2372477260341, 781.6289628510364, 747.0850612136499, 713.2596692459633, 682.2336472932604, 654.6577570888412, 630.5036312624162] ... (showing first 10 of 50 values)
Validation_MSE_values: [29508.81333650515, 18451.160142210076, 20985.89038417838, 22012.168531238898, 21753.198704423718, 20891.06543846181, 19737.722043283706, 18470.108867942337, 17197.72813451102, 15985.77597873986] ... (showing first 10 of 50 values)
Training_RMSE_values: [35.66306920790599, 29.25253121119886, 28.834295972638472, 28.499776275017215, 27.95762799042573, 27.33285680666494, 26.70692174785337, 26.119602739958747, 25.586280641954218, 25.10983136666625] ... (showing first 10 of 50 values)
Validation_RMSE_values: [171.78129507168453, 135.83504754742083, 144.8650764821473, 148.36498418170945, 147.48965626247733, 144.53741881762593, 140.4910034247165, 135.90477867956793, 131.1401087940338, 126.43486852423212] ... (showing first 10 of 50 values)
Training_MAPE_values: [8.495583457225072, 5.361597446768095, 4.891871868631308, 4.770731515436762, 4.690733167532886, 4.615521795153536, 4.537241020571273, 4.464015403227918, 4.3978909976957254, 4.338426459162965] ... (showing first 10 of 50 values)
Validation_MAPE_values: [7.903808205309101, 6.467452616204339, 6.72238719972267, 6.880343265005985, 6.876524677099908, 6.785617629780867, 6.647273306526859, 6.484612664773756, 6.310662066372568, 6.142366163855249] ... (showing first 10 of 50 values)
Training_PBIAS_values: [-3.166596229445881, -0.3817429512928966, 1.156468101800414, 1.7456623614141016, 1.984558466286317, 2.070382052610964, 2.0949963045782853, 2.1001150295409343, 2.103410623227182, 2.111228921081096] ... (showing first 10 of 50 values)
Validation_PBIAS_values: [6.6942655189373275, 3.080302359445438, 4.539884220805812, 5.1822570374272, 5.349205618569473, 5.317211473380948, 5.183757946624424, 4.995971648204199, 4.781720495716501, 4.558346775281212] ... (showing first 10 of 50 values)
Final_training_MSE: 298.4271247318596
Final_validation_MSE: 5904.747983701556
Number_of_epochs: 50
