Figure: training_history_comprehensive
==================================================
Description: Comprehensive training history showing evolution of MSE, RMSE, MAPE, and PBIAS across epochs
==================================================

Values used in the figure:
------------------------------
Training_MSE_values: [9181.252070958186, 1285.3271921793612, 1223.1113934302184, 915.4560001510926, 931.7853543820559, 899.5375551166666, 863.7527708088994, 833.5894003571109] ... (showing first 10 of 8 values)
Validation_MSE_values: [376493.4828885015, 24132.361936886035, 15545.423132354585, 14045.17155145894, 14728.981273721536, 15333.09254421885, 15824.543372364375, 16202.21494583905] ... (showing first 10 of 8 values)
Training_RMSE_values: [95.81885029031702, 35.85146011223757, 34.973009499186915, 30.256503435643264, 30.525159367021427, 29.992291594952636, 29.38967115857031, 28.871948329773502] ... (showing first 10 of 8 values)
Validation_RMSE_values: [613.5906476540378, 155.3459427757482, 124.68128621551264, 118.51232658022937, 121.36301443900253, 123.82686519580011, 125.7956413090866, 127.2879214451986] ... (showing first 10 of 8 values)
Training_MAPE_values: [24.512712243704303, 6.829059803631127, 8.355384707101004, 5.948084245650428, 6.279733015125736, 6.156170316499124, 5.986649080447328, 5.855555121225788] ... (showing first 10 of 8 values)
Validation_MAPE_values: [36.976716743914864, 10.833790982128901, 6.627859743650184, 6.678270298959049, 6.562038544005455, 6.443372892639154, 6.355014938843323, 6.272858073249556] ... (showing first 10 of 8 values)
Training_PBIAS_values: [-4.617279429284243, 1.511774807948457, -4.667225339390754, -2.0821169840439047, -2.6832275096298437, -2.6121733144950516, -2.4789899295338826, -2.4006770452354877] ... (showing first 10 of 8 values)
Validation_PBIAS_values: [40.32819603497907, -8.627641953977315, 0.9405646386979074, -0.20500365450936775, 0.47069217667790814, 1.0785141702667909, 1.558775055734641, 1.9418743642466239] ... (showing first 10 of 8 values)
Final_training_MSE: 833.5894003571109
Final_validation_MSE: 16202.21494583905
Number_of_epochs: 8
Early_stopping_triggered: True
Best_validation_loss: 0.001817335607483983
